gemini-2.0-flash-thinking-exp,,,,,,,one_shot,,,Per Account,,,,,,,,,,,,,,,,CoT,,,Per Account,,,,,,,,,,,,,,,,PoT,,,Per Account,,,,,,,,,,,,,,
,Type,Account,% Account,% Type,% Question,% Account and Type,,Account,% Correct,,=TRANSPOSE(UNIQUE(I3:I1048576)),,,,,,,,,,,,,,,,Account,% Correct,,=TRANSPOSE(UNIQUE(AB3:AB1048576)),,,,,,,,,,,,,,,,Account,% Correct,,=TRANSPOSE(UNIQUE(AU3:AU1048576)),,,,,,,,,,,,,
,=FILTER($q301.B:B;$q301.A:A=A1;"No Value"),=FILTER($q301.C:C;$q301.A:A=A1;"No Value"),=FILTER($q301.L:O;$q301.A:A=A1;"No Value"),,,,,=FILTER(C:C;B:B=H1;"No Value"),=FILTER(G:G;B:B=H1;"No Value"),,=FILTER(J:J;I:I=L2;"No Value"),=FILTER(J:J;I:I=M2;"No Value"),=FILTER(J:J;I:I=N2;"No Value"),=FILTER(J:J;I:I=O2;"No Value"),=FILTER(J:J;I:I=P2;"No Value"),=FILTER(J:J;I:I=Q2;"No Value"),=FILTER(J:J;I:I=R2;"No Value"),=FILTER(J:J;I:I=S2;"No Value"),=FILTER(J:J;I:I=T2;"No Value"),=FILTER(J:J;I:I=U2;"No Value"),=FILTER(J:J;I:I=V2;"No Value"),=FILTER(J:J;I:I=W2;"No Value"),=FILTER(J:J;I:I=X2;"No Value"),=FILTER(J:J;I:I=Y2;"No Value"),,,=FILTER(C:C;B:B=AA1;"No Value"),=FILTER(G:G;B:B=AA1;"No Value"),,=FILTER(AC:AC;AB:AB=AE2;"No Value"),=FILTER(AC:AC;AB:AB=AF2;"No Value"),=FILTER(AC:AC;AB:AB=AG2;"No Value"),=FILTER(AC:AC;AB:AB=AH2;"No Value"),=FILTER(AC:AC;AB:AB=AI2;"No Value"),=FILTER(AC:AC;AB:AB=AJ2;"No Value"),=FILTER(AC:AC;AB:AB=AK2;"No Value"),=FILTER(AC:AC;AB:AB=AL2;"No Value"),=FILTER(AC:AC;AB:AB=AM2;"No Value"),=FILTER(AC:AC;AB:AB=AN2;"No Value"),=FILTER(AC:AC;AB:AB=AO2;"No Value"),=FILTER(AC:AC;AB:AB=AP2;"No Value"),=FILTER(AC:AC;AB:AB=AQ2;"No Value"),=FILTER(AC:AC;AB:AB=AR2;"No Value"),,,=FILTER(C:C;B:B=AT1;"No Value"),=FILTER(G:G;B:B=AT1;"No Value"),,=FILTER(AV:AV;AU:AU=AX2;"No Value"),=FILTER(AV:AV;AU:AU=AY2;"No Value"),=FILTER(AV:AV;AU:AU=AZ2;"No Value"),=FILTER(AV:AV;AU:AU=BA2;"No Value"),=FILTER(AV:AV;AU:AU=BB2;"No Value"),=FILTER(AV:AV;AU:AU=BC2;"No Value"),=FILTER(AV:AV;AU:AU=BD2;"No Value"),=FILTER(AV:AV;AU:AU=BE2;"No Value"),=FILTER(AV:AV;AU:AU=BF2;"No Value"),=FILTER(AV:AV;AU:AU=BG2;"No Value"),=FILTER(AV:AV;AU:AU=BH2;"No Value"),=FILTER(AV:AV;AU:AU=BI2;"No Value"),=FILTER(AV:AV;AU:AU=BJ2;"No Value"),=FILTER(AV:AV;AU:AU=BK2;"No Value")

